place(9.823, 1.000, 10.356, "Militant", 1050)
upgrade(9.823, 2.350, 10.356, 300)
place(3.622, 1.000, -14.914, "Trapper", 750)
place(3.827, 1.000, -11.597, "Trapper", 750)
place(-3.600, 1.000, -13.756, "Trapper", 750)
upgrade(9.823, 2.350, 10.356, 1350)
upgrade(3.827, 2.350, -11.597, 750)
upgrade(3.622, 2.350, -14.914, 750)
upgrade(-3.600, 2.350, -13.756, 750)
place(9.428, 1.000, 13.676, "Militant", 1050)
upgrade(9.428, 2.350, 13.676, 300)
upgrade(3.622, 2.350, -14.914, 2250)
upgrade(3.827, 2.350, -11.597, 2250)
upgrade(-3.600, 2.350, -13.756, 2250)
place(6.821, 1.000, 11.530, "Militant", 1050)
upgrade(9.428, 2.350, 13.676, 1350)
place(13.047, 1.000, 10.968, "Militant", 1050)
place(12.860, 1.000, 11.339, "Militant", 1050)
upgrade(12.860, 2.350, 11.339, 300)
upgrade(12.860, 2.350, 11.339, 1350)
upgrade(12.860, 2.350, 11.339, 4125)
place(12.113, 1.000, 8.363, "Militant", 1050)
place(12.084, 1.000, 7.966, "Militant", 1050)
place(11.796, 1.000, 7.616, "Militant", 1050)
upgrade(11.796, 2.350, 7.616, 300)
upgrade(11.796, 2.350, 7.616, 1350)
place(8.290, 1.000, 7.469, "Militant", 1050)
upgrade(8.290, 2.350, 7.469, 300)
upgrade(8.290, 2.350, 7.469, 1350)
place(6.622, 1.000, 11.793, "Militant", 1050)
place(6.622, 1.000, 11.793, "Militant", 1050)
upgrade(6.622, 2.350, 11.793, 300)
upgrade(6.622, 2.350, 11.793, 1350)
place(5.187, 1.000, 6.734, "Militant", 1050)
upgrade(5.187, 2.350, 6.734, 300)
upgrade(5.187, 2.350, 6.734, 1350)
upgrade(5.187, 2.350, 6.734, 4125)
place(5.986, 1.000, 14.870, "Militant", 1050)
upgrade(5.986, 2.350, 14.870, 300)
upgrade(5.986, 2.350, 14.870, 1350)
